nama=Fani_Annur
level=1
skin=0
money=10000
posX=1614.441650
posY=-1889.544921
posZ=13.546875
facingAngle=293.885986
[data]
money=10000
facingAngle=0.000000
posZ=1.578119
posY=-78.500801
posX=193.561996
skin=44
level=1
ucp_name=Crazy HX
password=EC694D969ED12D52B9AD1866D62AE95988845DC2176E3F661039442B071CA219
username=Fani_Annur

