money=10000
facingAngle=199.595169
posZ=13.546875
posY=-1885.787353
posX=1615.555664
skin=0
level=1
veh_id=1
veh_databaseid=0
veh_model=574
veh_name=Sweeper
veh_health=100.000000
veh_plate=NULL
veh_price=0
veh_lock=0
veh_color1=-1
veh_color2=-1
veh_label=test
vehX=0.000000
vehY=0.000000
vehZ=0.000000
vehA=0.000000
is_spawned=1
is_detroyed=0
[data]
[]
nama=Fani_Annur
level=1
skin=0
money=10000
posX=1614.711791
posY=-1881.797119
posZ=13.539081
facingAngle=225.868667

