veh_id=2
veh_databaseid=2
veh_model=574
veh_name=Sweeper 2
veh_health=100.000000
veh_plate=NULL
veh_price=0
veh_lock=0
veh_color1=-1
veh_color2=-1
veh_label=test2
vehX=1614.687377
vehY=-1895.792968
vehZ=13.548421
vehA=0.000000
is_spawned=1
is_detroyed=0

